image: submap_0.pgm
resolution: 0.025000
origin: [-7.489788, -10.942428, 0.000000]
negate: 0
occupied_thresh: 0.65
free_thresh: 0.196

